ARMA_MAT_TXT_FN008
30 7
  001 02 17 33 37 38 45
002 03 04 14 20 25 35
003 03 09 13 18 24 31
004 14 17 21 25 31 37
005 03 08 13 20 30 36
006 02 06 19 21 35 39
007 07 10 25 27 29 40
008 03 09 13 18 24 31
009 03 05 17 22 30 31
010 06 15 16 19 27 30
011 28 31 34 37 38 41
012 13 16 17 29 31 37
013 02 04 09 19 21 26
014 11 12 17 33 34 36
015 13 21 24 25 29 44
016 08 17 21 23 36 40
017 10 36 39 43 44 45
018 04 06 10 15 16 44
019 08 20 21 31 34 39
020 09 13 24 35 36 41
021 11 15 20 24 27 45
022 06 08 12 13 15 19
023 07 13 16 18 31 32
024 06 09 10 18 20 31
025 02 11 14 23 25 32
026 04 05 06 23 31 34
027 07 10 17 20 25 32
028 05 12 15 30 37 41
029 08 14 19 29 30 40
030 01 20 28 32 42 44
